1
246.0
585.0
2
171.0
539.5
3
120.0
517.6666666666666
4
155.0
819.25
5
172.0
996.2
6
186.0
1110.8333333333333
7
175.71428571428572
1270.142857142857
8
165.875
1322.875
9
151.44444444444446
1361.6666666666667
10
187.7
1380.0
11
177.8181818181818
1387.7272727272727
12
197.41666666666666
1399.1666666666667
13
183.07692307692307
1381.076923076923
14
204.5
1384.857142857143
15
220.86666666666667
1361.2666666666667
16
207.0625
1336.25
17
194.88235294117646
1310.2941176470588
18
207.72222222222223
1373.5
19
202.94736842105263
1425.2631578947369
20
201.3
1470.85
21
220.33333333333334
1558.2380952380952
22
210.3181818181818
1628.2727272727273
23
202.7391304347826
1691.3478260869565
24
194.29166666666666
1739.5833333333333
25
186.68
1783.16
26
242.84615384615384
1785.6923076923076
27
287.9259259259259
1787.2962962962963
28
326.0
1785.5357142857142
29
359.41379310344826
1783.2068965517242
30
381.46666666666664
1780.3666666666666
31
396.7741935483871
1777.0645161290322
32
412.59375
1773.34375
33
405.2121212121212
1764.939393939394
