1
178.0
377.0
2
129.0
1085.0
3
86.0
1217.0
4
69.25
1278.0
5
90.2
1442.4
6
125.66666666666667
1474.0
7
107.71428571428571
1473.7142857142858
8
161.25
1523.5
9
151.22222222222223
1670.6666666666667
10
167.2
1630.2
11
162.72727272727272
1595.2727272727273
12
150.75
1564.5
13
169.15384615384616
1587.0
14
175.71428571428572
1604.857142857143
15
164.0
1567.3333333333333
16
181.6875
1692.5625
17
191.23529411764707
1797.7058823529412
18
180.61111111111111
1868.8333333333333
19
241.42105263157896
1875.7894736842106
20
257.2
1863.3
21
270.6190476190476
1851.047619047619
22
288.0
1914.409090909091
23
279.30434782608694
1918.5652173913043
24
272.125
1921.5416666666667
25
265.52
1923.48
26
309.3076923076923
1998.3846153846155
27
343.6666666666667
2064.3703703703704
28
371.82142857142856
2124.9285714285716
29
387.44827586206895
2180.6206896551726
30
400.9
2231.9333333333334
31
411.2903225806452
2279.2903225806454
32
415.46875
2318.625
33
417.1818181818182
2354.969696969697
34
409.0
2388.5882352941176
35
446.2857142857143
2387.2
36
474.4166666666667
2383.3611111111113
37
497.2162162162162
2371.5135135135133
38
519.1842105263158
2359.7631578947367
39
532.0
2348.102564102564
40
539.8
2336.525
41
538.2439024390244
2323.2926829268295
42
531.0714285714286
2310.214285714286
43
525.8139534883721
2297.279069767442
44
515.6590909090909
2284.4772727272725
45
504.2
2309.9777777777776
46
493.7826086956522
2333.9347826086955
47
484.97872340425533
2356.446808510638
48
515.7916666666666
2389.8125
49
537.795918367347
2419.9591836734694
50
549.28
2447.08
51
561.3921568627451
2472.7450980392155
52
574.3269230769231
2497.0384615384614
53
587.9622641509434
2520.0377358490564
54
593.3888888888889
2536.5555555555557
55
629.0363636363636
2532.109090909091
56
664.1785714285714
2527.464285714286
57
698.0526315789474
2522.6315789473683
58
708.2931034482758
2516.396551724138
59
718.9152542372881
2510.0338983050847
60
714.6333333333333
2502.366666666667
61
708.4590163934427
2493.4590163934427
62
702.3709677419355
2484.516129032258
63
695.015873015873
2475.5396825396824
64
684.15625
2481.921875
65
674.6769230769231
2487.8
66
703.5151515151515
2538.3939393939395
67
719.0
2584.0
68
718.5588235294117
2625.8823529411766
69
712.0869565217391
2665.231884057971
70
705.9
2700.1285714285714
71
697.1408450704225
2733.760563380282
72
734.4722222222222
2751.1388888888887
73
740.6849315068494
2765.821917808219
74
736.6216216216217
2777.9189189189187
75
729.92
2789.4266666666667
76
723.0921052631579
2800.3684210526317
77
717.1038961038961
2810.7662337662337
78
764.8205128205128
2804.2051282051284
79
759.1772151898734
2814.0379746835442
80
800.9
2807.35
81
794.8395061728395
2816.6543209876545
82
835.3658536585366
2809.8536585365855
83
827.9879518072289
2818.6626506024095
84
865.1309523809524
2811.7619047619046
85
855.2588235294118
2820.105882352941
86
886.0813953488372
2813.1162790697676
87
914.0344827586207
2806.057471264368
88
936.5454545454545
2798.931818181818
89
950.2134831460675
2791.741573033708
90
959.0777777777778
2782.1222222222223
91
962.6813186813187
2772.4945054945056
92
966.6739130434783
2762.858695652174
93
968.4408602150538
2753.2150537634407
94
962.3723404255319
2740.5425531914893
95
955.0947368421052
2727.178947368421
96
948.6458333333334
2713.8854166666665
97
940.4845360824743
2700.659793814433
98
970.234693877551
2734.316326530612
99
999.6767676767677
2767.090909090909
100
1018.34
2798.3
101
1021.7326732673267
2828.6930693069307
102
1021.2843137254902
2857.598039215686
103
1015.9320388349514
2885.747572815534
104
1006.1634615384615
2878.1634615384614
105
1040.247619047619
2894.9904761904763
106
1049.9150943396226
2905.9528301886794
107
1059.6261682242991
2916.5233644859813
108
1068.601851851852
2926.712962962963
109
1069.4311926605506
2933.9266055045873
110
1069.6090909090908
2940.827272727273
111
1069.1711711711712
2947.4234234234236
112
1064.5892857142858
2953.723214285714
113
1057.9380530973451
2959.1061946902655
114
1092.0964912280701
2956.5087719298244
115
1125.982608695652
2953.782608695652
116
1157.6810344827586
2950.9310344827586
117
1187.7350427350427
2947.957264957265
118
1203.2203389830509
2943.0593220338983
119
1215.5294117647059
2938.075630252101
120
1223.675
2932.4166666666665
121
1231.0578512396694
2926.099173553719
122
1238.122950819672
2919.72131147541
123
1243.8699186991869
2913.2845528455287
124
1248.0564516129032
2906.7903225806454
125
1244.536
2900.24
126
1241.388888888889
2893.6349206349205
127
1234.9133858267717
2886.417322834646
128
1225.4140625
2879.15625
129
1215.9147286821706
2884.7286821705425
130
1206.6153846153845
2890.0615384615385
131
1235.7022900763359
2909.610687022901
132
1261.25
2926.560606060606
133
1284.3684210526317
2943.1052631578946
134
1306.1940298507463
2959.2537313432836
135
1312.3037037037036
2973.962962962963
136
1318.625
2987.7867647058824
137
1314.941605839416
2998.1532846715327
138
1336.608695652174
3001.0
139
1351.4460431654677
3002.640287769784
140
1363.0
3004.114285714286
141
1373.4397163120568
3005.425531914894
142
1378.0492957746478
3006.5774647887324
143
1393.5244755244755
2997.237762237762
144
1394.1180555555557
2995.8263888888887
145
1406.8758620689655
2986.062068965517
146
1405.541095890411
2984.609589041096
147
1413.3197278911564
2973.469387755102
148
1410.9324324324325
2971.9864864864867
149
1414.5503355704698
2960.469798657718
150
1409.6066666666666
2958.4866666666667
151
1412.5364238410596
2947.0794701986756
152
1405.3026315789473
2945.0789473684213
153
1408.4444444444443
2933.777777777778
154
1399.2987012987012
2945.396103896104
155
1390.4129032258065
2932.7354838709675
156
1381.5
2930.852564102564
157
1407.1847133757963
2946.063694267516
158
1426.487341772152
2960.9556962025317
159
1443.1949685534591
2975.0880503144654
160
1455.9625
2988.91875
161
1459.3726708074535
3000.6894409937886
162
1462.2530864197531
3012.1913580246915
163
1465.2208588957055
3023.429447852761
164
1467.8231707317073
3034.4085365853657
165
1468.7333333333333
3045.133333333333
166
1464.4759036144578
3054.3253012048194
167
1455.7065868263473
3049.7125748502995
168
1465.9940476190477
3054.160714285714
169
1476.9289940828403
3058.01775147929
170
1483.4529411764706
3061.711764705882
171
1489.3567251461989
3065.245614035088
172
1495.639534883721
3068.2093023255816
173
1494.5260115606936
3069.791907514451
174
1490.3103448275863
3071.2413793103447
175
1482.1371428571429
3072.56
176
1497.034090909091
3069.903409090909
177
1510.9717514124293
3066.762711864407
178
1524.443820224719
3063.544943820225
179
1538.0391061452515
3060.2513966480446
180
1550.7166666666667
3056.883333333333
181
1553.779005524862
3051.0883977900553
182
1555.1263736263736
3044.076923076923
183
1568.2185792349726
3060.48087431694
184
1580.570652173913
3075.054347826087
185
1591.6864864864865
3089.3621621621623
186
1602.478494623656
3103.4086021505377
187
1612.1176470588234
3117.1978609625667
188
1620.712765957447
3130.7340425531916
189
1626.3703703703704
3144.021164021164
190
1628.8052631578948
3156.6894736842105
191
1631.2303664921467
3169.1204188481674
192
1633.8541666666667
3181.3177083333335
193
1632.8549222797928
3192.917098445596
194
1628.8711340206185
3204.2938144329896
195
1622.6358974358975
3215.451282051282
196
1635.1785714285713
3221.341836734694
197
1646.8324873096446
3226.710659898477
198
1653.6565656565656
3231.9242424242425
199
1657.7688442211056
3236.9849246231156
200
1660.195
3241.54
201
1657.2885572139303
3245.2437810945275
202
1654.7079207920792
3248.8118811881186
203
1649.1379310344828
3250.847290640394
204
1641.0735294117646
3252.764705882353
205
1647.1707317073171
3249.6878048780486
206
1651.116504854369
3246.1990291262136
207
1655.3574879227053
3242.647342995169
208
1656.8990384615386
3238.3509615384614
209
1656.0143540669856
3234.0
210
1655.2857142857142
3229.595238095238
211
1653.6587677725117
3224.8009478672984
212
1652.2830188679245
3219.9575471698113
213
1649.3004694835681
3214.7323943661972
214
1644.8598130841121
3209.46261682243
215
1657.3255813953488
3223.9720930232556
216
1669.148148148148
3238.2546296296296
217
1680.930875576037
3252.3133640552996
218
1690.9954128440368
3265.8256880733943
219
1694.0045662100456
3278.150684931507
220
1691.4681818181818
3289.95
221
1688.6289592760181
3301.552036199095
222
1684.6576576576576
3312.3198198198197
223
1680.982062780269
3322.9013452914796
224
1677.294642857143
3333.2991071428573
225
1672.0044444444445
3343.5155555555557
226
1664.6637168141592
3352.924778761062
227
1657.3303964757708
3351.0308370044054
228
1650.061403508772
3347.004385964912
229
1659.4279475982532
3352.6069868995633
230
1668.8608695652174
3358.073913043478
231
1674.3030303030303
3363.099567099567
232
1677.198275862069
3367.3836206896553
233
1680.244635193133
3371.5450643776826
234
1678.551282051282
3374.675213675214
235
1676.8425531914893
3377.0893617021275
236
1672.9322033898304
3378.7966101694915
237
1669.253164556962
3380.4050632911394
238
1683.8949579831933
3375.672268907563
239
1693.73640167364
3370.5983263598328
240
1696.1083333333333
3364.891666666667
241
1696.377593360996
3358.8547717842325
242
1693.0454545454545
3352.49173553719
243
1689.8930041152264
3346.098765432099
244
1682.967213114754
3352.004098360656
245
1676.2081632653062
3357.7795918367347
246
1669.5772357723577
3353.711382113821
247
1684.1295546558704
3358.1214574898786
248
1696.3709677419354
3362.1290322580644
249
1700.136546184739
3365.738955823293
250
1702.748
3369.24
251
1702.7250996015937
3372.3505976095616
252
1700.5515873015872
3375.0753968253966
253
1695.6205533596838
3377.1383399209485
254
1690.5196850393702
3379.1062992125985
255
1705.8431372549019
3377.5607843137254
256
1719.56640625
3374.83984375
257
1731.9027237354085
3372.0622568093386
258
1741.2984496124031
3368.1279069767443
259
1750.7104247104246
3364.1467181467183
260
1759.6153846153845
3360.119230769231
261
1767.5593869731802
3356.0459770114944
262
1775.6526717557251
3351.9274809160306
263
1782.3916349809886
3347.494296577947
264
1783.6363636363637
3342.75
265
1784.2943396226415
3337.966037735849
266
1782.6315789473683
3332.875939849624
267
1779.258426966292
3327.749063670412
268
1772.6194029850747
3333.89552238806
269
1766.0297397769516
3339.6542750929366
270
1759.7481481481482
3345.296296296296
271
1774.0848708487085
3350.678966789668
272
1787.5588235294117
3355.948529411765
273
1800.6483516483515
3361.106227106227
274
1813.102189781022
3366.1532846715327
275
1824.0327272727272
3370.5745454545454
276
1834.9239130434783
3374.891304347826
277
1845.0758122743682
3379.104693140794
278
1855.2589928057555
3383.2158273381297
279
1861.68458781362
3385.9534050179213
280
1864.5464285714286
3388.3464285714285
281
1864.0747330960853
3390.1459074733098
282
1857.8014184397164
3391.3581560283687
283
1864.9257950530036
3388.1519434628976
284
1871.6866197183099
3384.8978873239435
285
1877.740350877193
3381.59649122807
286
1880.1363636363637
3378.2482517482517
287
1881.993031358885
3374.8536585365855
288
1884.0347222222222
3371.4131944444443
289
1884.80276816609
3367.9273356401386
290
1885.2379310344827
3364.396551724138
291
1882.3951890034364
3360.821305841924
292
1877.7808219178082
3356.472602739726
293
1872.8088737201365
3351.843003412969
294
1867.6190476190477
3347.1768707482993
295
1862.1016949152543
3342.4745762711864
296
1871.6182432432433
3352.097972972973
297
1880.114478114478
3361.5892255892254
298
1888.1073825503356
3370.94966442953
299
1896.1505016722408
3380.180602006689
300
1903.4666666666667
3389.2833333333333
301
1910.7109634551496
3398.2591362126245
302
1908.0430463576158
3404.9933774834435
303
1904.1386138613861
3411.6171617161717
304
1899.4802631578948
3418.1315789473683
305
1894.5934426229508
3424.304918032787
306
1902.9346405228757
3427.0392156862745
307
1910.456026058632
3429.4592833876222
308
1917.2889610389611
3431.7987012987014
309
1921.5631067961165
3433.368932038835
310
1923.5935483870967
3434.4064516129033
311
1924.453376205788
3435.144694533762
312
1924.4903846153845
3435.8141025641025
313
1924.744408945687
3436.415335463259
314
1922.3375796178343
3436.9490445859874
315
1917.7809523809524
3436.9650793650794
316
1928.0981012658228
3434.1962025316457
317
1936.4511041009464
3431.3817034700314
318
1944.5377358490566
3428.2987421383646
319
1951.7648902821318
3425.1724137931033
320
1957.3
3422.003125
321
1962.056074766355
3418.791277258567
322
1966.248447204969
3415.5372670807456
323
1970.482972136223
3412.2414860681115
324
1973.1358024691358
3408.9043209876545
325
1975.76
3405.3076923076924
326
1976.0889570552147
3401.6717791411043
327
1976.5412844036698
3397.9969418960245
328
1976.8597560975609
3394.2835365853657
329
1975.1398176291793
3390.3161094224924
330
1971.0848484848484
3385.8818181818183
331
1965.2567975830816
3381.1993957703926
332
1974.3855421686746
3390.4578313253014
333
1982.3303303303303
3399.6006006006005
334
1989.5299401197606
3408.416167664671
335
1994.2388059701493
3416.6955223880595
336
1998.282738095238
3424.8660714285716
337
2001.780415430267
3432.9287833827893
338
2005.508875739645
3440.6745562130177
339
2009.1061946902655
3448.3156342182892
340
2009.729411764706
3455.644117647059
341
2006.5219941348973
3462.0381231671554
342
2002.1608187134502
3468.3362573099416
