1
108.0
582.0
2
161.5
855.0
3
201.66666666666666
939.3333333333334
4
153.75
976.5
5
194.4
1090.2
6
242.33333333333334
1150.8333333333333
7
341.85714285714283
1225.4285714285713
8
323.875
1243.375
9
290.0
1255.111111111111
10
261.0
1248.7
11
271.8181818181818
1353.8181818181818
12
283.6666666666667
1433.8333333333333
13
272.53846153846155
1494.5384615384614
14
259.35714285714283
1545.142857142857
15
242.86666666666667
1587.6666666666667
16
282.5
1553.6875
17
267.29411764705884
1518.3529411764705
18
264.3333333333333
1604.2222222222222
19
258.42105263157896
1680.0
20
254.8
1747.2
21
249.47619047619048
1807.047619047619
22
238.13636363636363
1843.7272727272727
23
282.2173913043478
1838.2173913043478
24
321.5
1832.3333333333333
25
339.08
1823.28
26
336.5
1811.423076923077
27
324.037037037037
1796.851851851852
28
341.25
1827.892857142857
29
340.17241379310343
1833.7931034482758
30
334.5
1838.6333333333334
31
325.8709677419355
1842.516129032258
32
315.6875
1837.96875
33
338.27272727272725
1861.6666666666667
34
330.5
1881.2941176470588
35
349.14285714285717
1865.5714285714287
36
370.19444444444446
1844.25
37
368.5135135135135
1823.5405405405406
38
366.36842105263156
1801.5263157894738
39
361.6666666666667
1780.128205128205
40
352.625
1803.1
41
377.2926829268293
1792.4146341463415
42
388.3333333333333
1781.7619047619048
43
397.25581395348837
1771.139534883721
44
400.1363636363636
1760.5454545454545
45
420.26666666666665
1772.8666666666666
46
440.1304347826087
1784.2173913043478
47
464.0425531914894
1817.127659574468
48
461.0208333333333
1820.75
49
473.0204081632653
1849.7142857142858
50
469.78
1852.14
51
481.0
1878.9607843137255
52
498.0576923076923
1863.2692307692307
53
508.6792452830189
1888.4905660377358
54
519.7962962962963
1872.8333333333333
55
516.9818181818182
1894.0181818181818
56
523.9464285714286
1898.482142857143
57
524.0175438596491
1902.438596491228
58
520.6896551724138
1905.9137931034484
59
512.8644067796611
1908.9322033898304
60
504.31666666666666
1904.7166666666667
61
497.7704918032787
1899.1475409836066
62
490.83870967741933
1893.4354838709678
63
500.23809523809524
1919.0
64
506.734375
1943.453125
65
499.83076923076925
1955.1076923076923
66
517.2878787878788
1949.0454545454545
67
533.3731343283582
1942.865671641791
68
534.75
1935.5294117647059
69
531.5942028985507
1933.7101449275362
70
527.2857142857143
1931.6571428571428
71
524.0281690140845
1929.380281690141
72
522.4305555555555
1949.0555555555557
73
515.6164383561644
1965.0
74
516.5135135135135
1956.7432432432433
75
511.96
1946.5466666666666
76
506.8421052631579
1936.3552631578948
77
523.3246753246754
1957.1168831168832
78
535.6025641025641
1975.2692307692307
79
533.4430379746835
1991.8101265822784
80
550.825
1991.05
81
568.0987654320987
1990.0617283950617
82
576.0853658536586
1988.8536585365853
83
582.4939759036145
1987.433734939759
84
579.1309523809524
1984.9642857142858
85
584.9058823529411
1992.4
86
591.1627906976744
1999.4302325581396
87
597.7816091954023
2006.0689655172414
88
594.3068181818181
2011.5227272727273
89
591.4044943820224
2016.629213483146
90
592.6888888888889
2009.8555555555556
91
589.7362637362637
2001.4505494505495
92
606.0760869565217
2026.0108695652175
93
621.7204301075269
2049.8279569892475
94
636.2340425531914
2072.925531914894
95
650.1263157894737
2095.3263157894735
96
647.8854166666666
2114.09375
97
642.659793814433
2131.536082474227
98
637.8163265306123
2148.418367346939
99
632.3636363636364
2164.757575757576
100
645.62
2169.18
101
655.6336633663366
2172.6138613861385
102
657.1960784313726
2175.0882352941176
103
657.7864077669902
2177.3203883495144
104
651.9423076923077
2177.951923076923
105
647.6190476190476
2186.2285714285713
106
643.9622641509434
2194.1603773584907
107
641.2056074766355
2201.0934579439254
108
635.5462962962963
2207.712962962963
109
648.256880733945
2205.1009174311926
110
656.3545454545455
2202.3545454545456
111
664.4594594594595
2199.4774774774774
112
673.0267857142857
2196.473214285714
113
672.4601769911504
2192.0884955752213
114
669.359649122807
2186.3596491228072
115
664.3739130434783
2203.426086956522
116
658.6465517241379
2216.0
117
667.1111111111111
2240.880341880342
118
672.9152542372881
2264.5677966101694
119
673.2521008403361
2286.4957983193276
120
671.3916666666667
2307.891666666667
121
683.0578512396694
2334.2561983471073
122
686.2622950819672
2357.6967213114754
123
687.560975609756
2380.5934959349593
124
686.6612903225806
2402.3870967741937
125
683.256
2423.672
126
680.6825396825396
2443.8968253968255
127
698.7795275590552
2454.0944881889764
128
711.625
2462.3125
129
720.7984496124031
2468.046511627907
130
730.3
2473.5384615384614
131
737.6946564885496
2478.793893129771
132
744.8333333333334
2483.818181818182
133
751.9398496240601
2488.6165413533836
134
757.5074626865671
2491.60447761194
135
761.2
2494.4
136
757.5735294117648
2495.4411764705883
137
752.043795620438
2516.4598540145985
138
746.5942028985507
2517.2971014492755
139
769.6187050359712
2512.2589928057555
140
789.1
2506.6428571428573
141
807.6595744680851
2500.9645390070923
142
822.9647887323944
2494.725352112676
143
830.4895104895105
2488.4335664335663
144
833.5763888888889
2482.090277777778
145
834.8
2475.206896551724
146
834.6506849315068
2468.280821917808
147
830.2517006802722
2461.312925170068
148
844.6621621621622
2482.2094594594596
149
854.8053691275168
2502.2147651006712
150
864.2933333333333
2521.82
151
873.8476821192053
2541.0331125827815
152
880.6973684210526
2559.3947368421054
153
887.2026143790849
2577.3856209150326
154
893.4090909090909
2595.012987012987
155
899.5612903225806
2612.283870967742
156
904.7115384615385
2626.9294871794873
157
909.547770700637
2641.2611464968154
158
913.6835443037975
2655.284810126582
159
911.496855345912
2668.1132075471696
160
908.10625
2680.65625
161
904.0745341614906
2692.919254658385
162
920.3333333333334
2700.216049382716
163
935.5950920245399
2706.429447852761
164
937.3841463414634
2711.1463414634145
165
956.660606060606
2708.4242424242425
166
974.9216867469879
2705.614457831325
167
992.622754491018
2702.7185628742513
168
1007.327380952381
2698.8928571428573
169
1021.4378698224853
2694.5739644970413
170
1032.9823529411765
2690.1882352941175
171
1041.766081871345
2684.906432748538
172
1044.1744186046512
2678.7441860465115
173
1038.1387283236995
2689.0173410404623
174
1032.1724137931035
2696.1666666666665
175
1026.2742857142857
2694.5314285714285
176
1020.4431818181819
2691.965909090909
177
1014.8700564971751
2689.316384180791
178
1033.1067415730338
2698.016853932584
179
1048.5698324022346
2705.31843575419
180
1064.0333333333333
2712.427777777778
181
1077.3480662983425
2718.9558011049726
182
1085.8131868131868
2724.521978021978
183
1093.9945355191257
2729.9180327868853
184
1096.3369565217392
2734.7608695652175
185
1098.1405405405405
2739.443243243243
186
1114.1559139784947
2737.97311827957
187
1124.4598930481284
2735.2727272727275
188
1133.3563829787233
2732.1170212765956
189
1133.4391534391534
2727.386243386243
190
1127.7894736842106
2719.9842105263156
191
1138.869109947644
2726.0157068062827
192
1149.0989583333333
2731.8802083333335
193
1158.699481865285
2737.580310880829
194
1166.8144329896907
2742.7525773195875
195
1174.225641025641
2747.405128205128
196
1177.7295918367347
2751.908163265306
197
1181.0964467005076
2756.263959390863
198
1181.2070707070707
2760.4747474747473
199
1178.3417085427136
2764.185929648241
200
1175.835
2767.76
201
1171.4975124378109
2771.1990049751244
